1000
1080
1159
1239
1319
1398
1478
1558
1637
1717
1797
1876
1956
2036
2115
2195
2275
2354
2434
2514
2593
2673
2753
2832
2912
2992
3071
3151
3231
3310
3390
3470
3549
3629
3709
3788
3868
3948
4027
4107
4187
4266
4346
4426
4505
4585
4665
4744
4824
4904
4983
5063
5143
5222
5302
5382
5461
5541
5621
5700
5780
5860
5939
6019
6099
6178
6258
6338
6417
6497
6577
6656
6736
6816
6895
6975
7055
7134
7214
7294
7373
7453
7533
7612
7692
7772
7851
7931
8011
8090
8170
8250
8329
8409
8489
8568
8648
8728
8807
8887
8967
9046
9126
9206
9285
9365
9445
9524
9604
9684
9763
9843
9923
10002
10082
10162
10241
10321
10401
10480
10560
10640
10719
10799
10879
10958
11038
11118
11197
11277
11357
11436
11516
11596
11675
11755
11835
11914
11994
12074
12153
12233
12313
12392
12472
12552
12631
12711
12791
12870
12950
13030
13109
13189
13269
13348
13428
13508
13587
13667
13747
13826
13906
13986
14065
14145
14225
14304
14384
14464
14543
14623
14703
14782
14862
14942
15021
15101
15181
15260
15340
15420
15499
15579
15659
15738
15818
15898
15977
16057
16137
16216
16296
16376
16455
16535
16615
16694
16774
16854
16933
17013
17093
17172
17252
17332
17411
17491
17571
17650
17730
17810
17889
17969
18049
18128
18208
18288
18367
18447
18527
18606
18686
18766
18845
18925
19005
19084
19164
19244
19323
19403
19483
19562
19642
19722
19801
19881
19961
20040
20120
20200
20279
20359
20439
20518
20598
20678
20757
20837
20917
20996
21076
21156
21235
21315
21395
21474
21554
21634
21713
21793
21873
21952
22032
22112
22191
22271
22351
22430
22510
22590
22669
22749
22829
22908
22988
23068
23147
23227
23307
23386
23466
23546
23625
23705
23785
23864
23944
24024
24103
24183
24263
24342
24422
24502
24581
24661
24741
24820
24900
24980
25059
25139
25219
25298
25378
25458
25537
25617
25697
25776
25856
25936
26015
26095
26175
26254
26334
26414
26493
26573
26653
26732
26812
26892
26971
27051
27131
27210
27290
27370
27449
27529
27609
27688
27768
27848
27927
28007
28087
28166
28246
28326
28405
28485
28565
28644
28724
28804
28883
28963
29043
29122
29202
29282
29361
29441
29521
29600
29680
29760
29839
29919
30000